Scorte Production Cap
[120 240   0   0 120]

Lavoro regolare=360.0

Lavoro straordinario:[0 0 0 0]

Scorte MPS trimestre1:
[[ 16	  8	  0	 54	 46	 38	120]
 [ 80	115	107	 99	 91	128	120]
 [ 24	  0	 36	 12	 48	 24	  0]]

Scorte MPS trimestre2:
[[120	100	 80	 60	 40	 20	  0]
 [120	100	 80	 60	 40	 20	  0]
 [  0	  0	  0	  0	  0	  0	  0]]

Produzione MPS:
[[ 0	 0	62	 0	 0	90	 0	 0	 0	 0	 0	 0]
 [43	 0	 0	 0	45	 0	 0	 0	 0	 0	 0	 0]
 [ 0	60	 0	60	 0	 0	60	60	60	60	60	60]]

Scorte MRP:
[[ 0	 0	 0	60	 0	 0	60	 0	 0	60	 0	60	 0]
 [43	 0	 0	 0	 0	 0	 0	 0	 0	 0	 0	 0	 0]
 [43	 0	 0	 0	 0	 0	 0	 0	 0	 0	 0	 0	 0]
 [ 0	 0	 0	 0	 0	 0	 0	 0	 0	 0	 0	 0	 0]]

Ordini MRP:
[[  0	 60	122	  0	  0	150	  0	 60	120	  0	120	  0]
 [  0	  0	 62	  0	 45	 90	  0	  0	  0	  0	  0	  0]
 [  0	  0	  0	  0	 45	  0	  0	  0	  0	  0	  0	  0]
 [  0	 60	  0	 60	  0	  0	 60	 60	 60	 60	 60	 60]]

Costi MRP:
[108	 48	 24	 96]